.DS_Store
c(
0.35,0.48,0.58,
0.00,0.00,0.00,
0.15,0.56,0.35,
0.50,0.80,1.00,
0.39,0.58,0.66,
0.17,0.24,0.11),
c(
0.55,0.52,0.42,
0.00,0.00,0.00,
0.06,0.25,0.06,
0.25,0.20,0.00,
0.23,0.36,0.19,
0.11,0.09,0.05),
c(
0.00,0.00,0.000.00,0.00,0.000.00,0.00,0.000.00,0.00,0.000.01,0.00,0.00,
0.00,0.00,0.00),
c(
0.00,0.00,0.000.00,0.00,0.000.02,0.00,0.01,
0.00,0.00,0.000.00,0.00,0.000.00,0.00,0.00),
c(
0.00,0.00,0.00,
0.00,0.00,0.00,
0.00,0.03,0.05,
0.00,0.00,0.00,
0.00,0.01,0.03,
0.09,0.58,0.72),
c(
0.00,0.00,0.00,
0.00,0.00,0.00,
0.00,0.00,0.00,
0.00,0.00,0.00,
0.00,0.00,0.00,
0.00,0.02,0.00),
c(
0.00,0.00,0.00,
0.00,0.00,0.00,
0.02,0.01,0.02,
0.00,0.00,0.00,
0.00,0.00,0.00,
0.11,0.00,0.00),
c(
0.00,0.00,0.00,
0.00,0.00,0.00,
0.24,0.01,0.01,
0.25,0.00,0.00,
0.19,0.03,0.07,
0.23,0.07,0.08),
c(
0.10,0.00,0.00,
0.00,0.00,0.00,
0.47,0.10,0.24,
0.00,0.00,0.00,
0.17,0.01,0.04,
0.28,0.02,0.03),
c(
0.00,0.00,0.000.00,0.00,0.000.04,0.06,0.27,
0.00,0.00,0.000.01,0.01,0.01,
0.00,0.00,0.00)
